```json
{
  "house": [0.95, 0.90, 0.85, 0.80, 0.75, 0.70, 0.65, 0.70, 0.75, 0.80, 0.90, 0.85, 0.65, 0.60, 0.55, 0.50, 0.45, 0.40, 0.35, 0.30, 0.25, 0.20, 0.15, 0.20, 0.25, 0.30, 0.35, 0.40, 0.45, 0.50, 0.55, 0.60, 0.65, 0.70, 0.75, 0.80, 0.85, 0.90, 0.95, 0.80, 0.85, 0.90, 1.00, 0.95, 0.90, 0.85, 0.80, 0.85, 0.90, 0.95, 0.70, 0.75, 0.80, 0.85, 0.90, 0.95, 0.80, 0.75, 0.70, 0.65, 0.60, 0.55, 0.50, 0.45],
  "tech_house": [0.90, 0.85, 0.80, 0.75, 0.70, 0.65, 0.60, 0.75, 0.80, 0.85, 0.75, 0.80, 0.85, 0.70, 0.75, 0.80, 0.65, 0.70, 0.75, 0.60, 0.65, 0.70, 0.75, 0.80, 0.85, 0.75, 0.80, 0.85, 0.90, 0.80, 0.75, 0.70, 0.75, 0.80, 0.85, 0.75, 0.80, 0.85, 0.90, 0.80, 0.85, 0.90, 1.00, 0.95, 0.90, 0.85, 0.80, 0.85, 0.90, 0.95, 0.75, 0.80, 0.85, 0.90, 0.95, 0.80, 0.85, 0.90, 1.00, 0.80, 0.75, 0.70, 0.65, 0.60],
  "peak_time": [0.92, 0.88, 0.85, 0.80, 0.78, 0.76, 0.74, 0.92, 0.90, 0.88, 0.94, 0.90, 0.80, 0.78, 0.76, 0.74, 0.72, 0.70, 0.68, 0.70, 0.72, 0.74, 0.80, 0.78, 0.76, 0.68, 0.70, 0.72, 0.74, 0.76, 0.78, 0.80, 0.82, 0.84, 0.86, 0.88, 0.90, 0.92, 0.94, 0.96, 0.98, 1.00, 0.98, 0.96, 0.94, 0.92, 0.90, 0.88, 0.86, 0.72, 0.74, 0.76, 0.78, 0.80, 0.82, 0.76, 0.74, 0.72, 0.70, 0.68, 0.66, 0.64, 0.62, 0.60],
  "trance": [0.90, 0.88, 0.85, 0.82, 0.78, 0.75, 0.80, 0.85, 0.90, 0.95, 0.80, 0.85, 0.80, 0.75, 0.70, 0.80, 0.90, 0.95, 0.85, 0.75, 0.65, 0.75, 0.80, 0.85, 1.00, 0.95, 0.90, 0.85, 0.80, 0.78, 0.76, 0.74, 0.72, 0.80, 0.90, 0.95, 0.75, 0.80, 0.72, 0.68, 0.76, 0.85, 0.90, 0.95, 1.00, 0.95, 0.90, 0.85, 0.80, 0.75, 0.70, 0.65, 0.60, 0.55, 0.50, 0.60, 0.70, 0.80, 0.85, 0.90, 0.95, 0.80, 0.65, 0.50],
  "psytrance": [0.85, 0.85, 0.85, 0.82, 0.82, 0.82, 0.82, 0.88, 0.92, 0.96, 0.85, 0.78, 0.70, 0.78, 0.85, 0.90, 0.95, 0.95, 0.95, 0.85, 0.75, 0.65, 0.75, 0.85, 0.95, 1.00, 0.95, 0.95, 0.90, 0.95, 0.90, 0.80, 0.70, 0.72, 0.74, 0.76, 0.78, 0.80, 0.82, 0.72, 0.65, 0.75, 0.85, 0.95, 1.00, 0.92, 0.85, 0.94, 0.92, 0.90, 0.85, 0.80, 0.75, 0.70, 0.75, 0.80, 0.85, 0.90, 0.80, 0.70, 0.60, 0.50, 0.40, 0.30],
  "electronic": [0.85, 0.80, 0.75, 0.72, 0.70, 0.68, 0.65, 0.80, 0.85, 0.90, 0.85, 0.88, 0.92, 0.75, 0.70, 0.68, 0.66, 0.68, 0.70, 0.75, 0.80, 0.85, 0.80, 0.75, 0.70, 0.65, 0.60, 0.80, 0.90, 0.70, 0.60, 0.50, 0.55, 0.60, 0.65, 0.70, 0.75, 0.80, 0.85, 0.90, 0.80, 0.75, 0.70, 0.65, 0.60, 0.55, 0.50, 0.60, 0.70, 0.80, 0.85, 0.90, 0.95, 0.88, 0.78, 0.68, 0.65, 0.62, 0.60, 0.58, 0.56, 0.54, 0.52, 0.50],
  "hardgroove": [0.88, 0.84, 0.80, 0.76, 0.72, 0.68, 0.65, 0.90, 0.95, 1.00, 0.92, 0.85, 0.80, 0.92, 0.88, 0.84, 0.88, 0.82, 0.76, 0.70, 0.88, 0.94, 0.90, 0.85, 0.80, 0.75, 0.70, 0.65, 0.60, 0.58, 0.56, 0.54, 0.52, 0.80, 0.85, 0.90, 0.95, 1.00, 0.90, 0.80, 0.70, 0.60, 0.58, 0.56, 0.54, 0.52, 0.50, 0.60, 0.70, 0.80, 0.85, 0.90, 0.75, 0.80, 0.85, 0.90, 0.95, 0.90, 0.85, 0.80, 0.75, 0.70, 0.65, 0.60],
  "uk_garage": [0.92, 0.88, 0.85, 0.82, 0.78, 0.75, 0.80, 0.85, 0.90, 0.95, 0.80, 0.85, 0.80, 0.75, 0.70, 0.80, 0.90, 0.95, 0.85, 0.75, 0.65, 0.75, 0.80, 0.85, 1.00, 0.95, 0.90, 0.85, 0.80, 0.78, 0.76, 0.74, 0.72, 0.80, 0.90, 0.95, 0.75, 0.80, 0.72, 0.68, 0.76, 0.85, 0.90, 0.95, 1.00, 0.95, 0.90, 0.85, 0.80, 0.75, 0.70, 0.65, 0.60, 0.55, 0.50, 0.60, 0.70, 0.80, 0.85, 0.90, 0.95, 0.80, 0.65, 0.50],
  "breaks": [0.88, 0.84, 0.80, 0.76, 0.72, 0.68, 0.65, 0.90, 0.95, 1.00, 0.92, 0.85, 0.80, 0.92, 0.88, 0.84, 0.88, 0.82, 0.76, 0.70, 0.88, 0.94, 0.90, 0.85, 0.80, 0.75, 0.70, 0.65, 0.60, 0.58, 0.56, 0.54, 0.52, 0.80, 0.85, 0.90, 0.95, 1.00, 0.90, 0.80, 0.70, 0.60, 0.58, 0.56, 0.54, 0.52, 0.50, 0.60, 0.70, 0.80, 0.85, 0.90, 0.75, 0.80, 0.85, 0.90, 0.95, 0.90, 0.85, 0.80, 0.75, 0.70, 0.65, 0.60],
  "hard_techno": [0.85, 0.82, 0.80, 0.75, 0.70, 0.65, 0.60, 0.88, 0.92, 0.96, 0.85, 0.78, 0.70, 0.78, 0.85, 0.90, 0.95, 0.95, 0.95, 0.85, 0.75, 0.65, 0.75, 0.85, 0.95, 1.00, 0.95, 0.95, 0.90, 0.95, 0.90, 0.80, 0.70, 0.72, 0.74, 0.76, 0.78, 0.80, 0.82, 0.72, 0.65, 0.75, 0.85, 0.95, 1.00, 0.92, 0.85, 0.94, 0.92, 0.90, 0.85, 0.80, 0.75, 0.70, 0.65, 0.60, 0.55, 0.50, 0.60, 0.70, 0.80, 0.85, 0.90, 0.95],
  "rock": [0.80, 0.78, 0.75, 0.72, 0.70, 0.68, 0.65, 0.80, 0.85, 0.90, 0.85, 0.88, 0.92, 0.75, 0.70, 0.68, 0.66, 0.68, 0.70, 0.75, 0.80, 0.85, 0.80, 0.75, 0.70, 0.65, 0.60, 0.80, 0.90, 0.70, 0.60, 0.50, 0.55, 0.60, 0.65, 0.70, 0.75, 0.80, 0.85, 0.90, 0.80, 0.75, 0.70, 0.65, 0.60, 0.55, 0.50, 0.60, 0.70, 0.80, 0.85, 0.90, 0.95, 0.88, 0.78, 0.68, 0.65, 0.62, 0.60, 0.58, 0.56, 0.54, 0.52, 0.50],
  "metal": [0.88, 0.85, 0.82, 0.78, 0.75, 0.72, 0.68, 0.85, 0.90, 0.95, 0.90, 0.85, 0.80, 0.90, 0.85, 0.80, 0.75, 0.70, 0.65, 0.60, 0.85, 0.90, 0.95, 0.80, 0.85, 0.90, 0.95, 1.00, 0.95, 0.90, 0.85, 0.80, 0.75, 0.70, 0.65, 0.60, 0.55, 0.50, 0.45, 0.40, 0.65, 0.68, 0.72, 0.76, 0.80, 0.84, 0.88, 0.92, 0.96, 0.80, 0.85, 0.90, 0.95, 1.00, 0.95, 0.90, 0.85, 0.80, 0.75, 0.70, 0.65, 0.60],
  "fire_dj": [0.92, 0.88, 0.85, 0.82, 0.78, 0.75, 0.80, 0.85, 0.90, 0.95, 0.80, 0.85, 0.90, 0.88, 0.85, 0.90, 0.92, 0.95, 0.85, 0.75, 0.80, 0.85, 0.88, 0.92, 0.95, 1.00, 0.95, 0.90, 0.85, 0.80, 0.75, 0.70, 0.65, 0.60, 0.55, 0.60, 0.65, 0.70, 0.75, 0.80, 0.85, 0.90, 0.95, 1.00, 0.95, 0.90, 0.85, 0.70, 0.75, 0.80, 0.85, 0.90, 0.92, 0.95, 0.85, 0.75, 0.80, 0.85, 0.88, 0.92, 0.95, 1.00, 0.95, 0.90],
  "drum_and_bass": [1.00, 0.95, 0.90, 0.85, 0.80, 0.75, 0.95, 0.97, 0.99, 0.80, 0.90, 0.85, 0.80, 0.85, 0.90, 0.95, 1.00, 0.90, 0.80, 0.88, 0.85, 0.80, 0.75, 0.80, 0.85, 0.90, 0.95, 1.00, 0.90, 0.80, 0.70, 0.95, 0.90, 0.85, 0.80, 0.85, 0.90, 0.95, 1.00, 0.85, 0.80, 0.75, 0.70, 0.65, 0.60, 0.70, 0.80, 0.85, 0.90, 0.95, 1.00, 0.90, 0.80, 0.70, 0.60, 0.55, 0.50, 0.45, 0.40, 0.35, 0.30, 0.25, 0.20, 0.15],
  "rap": [0.90, 0.85, 0.80, 0.75, 0.70, 0.65, 0.60, 0.65, 0.70, 0.75, 0.80, 0.85, 0.80, 0.90, 0.95, 1.00, 0.85, 0.75, 0.65, 0.70, 0.75, 0.80, 0.85, 0.90, 0.95, 0.80, 0.85, 0.90, 0.95, 1.00, 0.80, 0.70, 0.60, 0.70, 0.80, 0.85, 0.90, 0.95, 1.00, 0.90, 0.80, 0.85, 0.90, 0.95, 1.00, 0.90, 0.70, 0.60, 0.70, 0.60, 0.50, 0.40, 0.30, 0.20, 0.10, 0.15, 0.20, 0.25, 0.30, 0.35, 0.40, 0.45, 0.50, 0.55],
  "hyphy": [0.92, 0.85, 0.80, 0.75, 0.70, 0.65, 0.85, 0.88, 0.90, 0.95, 1.00, 0.75, 0.68, 0.60, 0.75, 0.80, 0.85, 0.90, 0.95, 1.00, 0.95, 0.90, 0.80, 0.60, 0.70, 0.75, 0.80, 0.85, 0.90, 0.95, 1.00, 0.95, 0.90, 0.85, 0.80, 0.70, 0.65, 0.88, 0.85, 0.80, 0.77, 0.70, 0.68, 0.92, 0.95, 1.00, 0.90, 0.80, 0.75, 0.70, 0.60, 0.75, 0.90, 0.85, 0.80, 0.75, 0.80, 0.85, 0.90, 0.95, 0.85, 0.70, 0.80, 0.70 ],
  "r&b": [0.88, 0.82, 0.78, 0.74, 0.70, 0.68, 0.66, 0.75, 0.80, 0.85, 0.75, 0.78, 0.80, 0.82, 0.84, 0.86, 0.68, 0.62, 0.58, 0.52, 0.48, 0.52, 0.56, 0.60, 0.64, 0.68, 0.70, 0.74, 0.78, 0.82, 0.80, 0.76, 0.72, 0.68, 0.65, 0.62, 0.68, 0.74, 0.80, 0.86, 0.92, 0.88, 0.84, 0.80, 0.76, 0.72, 0.68, 0.64, 0.60, 0.56, 0.52, 0.48, 0.44, 0.52, 0.60, 0.68, 0.76, 0.84, 0.92, 0.95, 0.88, 0.80, 0.70, 0.68 ],
  "generic": [0.62, 0.64, 0.66, 0.68, 0.70, 0.72, 0.74, 0.76, 0.78, 0.80, 0.72, 0.74, 0.76, 0.78, 0.80, 0.82, 0.84, 0.86, 0.88, 0.90, 0.92, 0.94, 0.96, 0.98, 1.00, 0.98, 0.96, 0.94, 0.92, 0.90, 0.88, 0.86, 0.84, 0.82, 0.80, 0.78, 0.76, 0.74, 0.72, 0.70, 0.68, 0.66, 0.64, 0.62, 0.60, 0.58, 0.56, 0.54, 0.52, 0.50, 0.52, 0.54, 0.56, 0.58, 0.60, 0.62, 0.64, 0.66, 0.68, 0.70, 0.72, 0.74, 0.76, 0.78],
  "classical": [0.72, 0.74, 0.76, 0.78, 0.76, 0.74, 0.72, 0.70, 0.75, 0.80, 0.85, 0.78, 0.82, 0.86, 0.90, 1.00, 0.80, 0.90, 0.80, 0.70, 0.60, 0.62, 0.64, 0.66, 0.68, 0.70, 0.72, 0.74, 0.76, 0.78, 0.80, 0.78, 0.76, 0.74, 0.72, 0.70, 0.68, 0.72, 0.76, 0.80, 0.74, 0.68, 0.72, 0.76, 0.80, 0.84, 0.88, 0.92, 0.96, 1.00, 0.75, 0.70, 0.65, 0.60, 0.68, 0.72, 0.76, 0.80, 0.82, 0.84, 0.86, 0.88, 0.90, 0.92],
  "ambient": [0.40, 0.42, 0.44, 0.46, 0.48, 0.50, 0.52, 0.54, 0.56, 0.58, 0.60, 0.62, 0.64, 0.75, 0.80, 1.00, 0.90, 0.86, 0.82, 0.78, 0.60, 0.40, 0.38, 0.36, 0.34, 0.32, 0.30, 0.28, 0.26, 0.24, 0.22, 0.20, 0.18, 0.16, 0.14, 0.12, 0.10, 0.05, 0.05, 0.05, 0.20, 0.22, 0.25, 0.28, 0.32, 0.36, 0.40, 0.44, 0.48, 0.50, 0.45, 0.40, 0.35, 0.32, 0.26, 0.20, 0.15, 0.10, 0.08, 0.06, 0.05, 0.05, 0.05, 0.05],
  "chillstep": [0.75, 0.80, 0.85, 0.90, 0.95, 1.00, 0.90, 0.80, 0.70, 0.60, 0.55, 0.50, 0.45, 0.40, 0.65, 0.70, 0.75, 0.80, 0.85, 0.90, 0.95, 1.00, 0.85, 0.70, 0.60, 0.62, 0.64, 0.66, 0.68, 0.70, 0.72, 0.74, 0.76, 0.78, 0.80, 0.82, 0.84, 0.86, 0.88, 0.90, 0.80, 0.70, 0.60, 0.62, 0.64, 0.66, 0.68, 0.70, 0.72, 0.74, 0.76, 0.78, 0.80, 0.82, 0.84, 0.86, 0.88, 0.90, 0.80, 0.70, 0.60, 0.62, 0.64, 0.66],
  "pop": [0.85, 0.80, 0.70, 0.75, 0.80, 0.85, 0.90, 0.95, 0.75, 0.80, 0.85, 0.90, 0.80, 0.75, 0.70, 0.60, 0.62, 0.64, 0.66, 0.68, 0.70, 0.72, 0.74, 0.76, 0.78, 0.80, 0.82, 0.84, 0.86, 0.88, 0.82, 0.84, 0.86, 0.88, 0.92, 1.00, 0.98, 0.96, 0.94, 0.92, 0.90, 0.88, 0.86, 0.84, 0.82, 0.80, 0.78, 0.76, 0.74, 0.72, 0.70, 0.68, 0.66, 0.64, 0.68, 0.70, 0.72, 0.74, 0.76, 0.78, 0.80, 0.82, 0.84, 0.86]
}
```